0 650 323 244 628 446 449 100 141 
1 652 316 243 638 445 447 99 143 
2 651 317 240 633 444 447 99 146 
3 653 328 229 611 448 448 99 144 
4 653 330 223 604 449 449 99 142 
5 655 336 217 594 448 447 100 143 
6 652 340 220 583 450 447 96 143 
7 653 341 218 583 450 445 95 146 
8 651 340 218 585 446 447 100 144 
9 653 349 213 572 444 447 104 144 
10 651 347 215 578 450 449 99 141 
11 646 348 219 571 452 448 99 140 
12 639 345 227 571 454 448 98 139 
13 642 317 223 589 453 448 98 140 
14 635 316 229 586 452 448 101 138 
15 634 316 223 585 451 451 102 136 451 451 102 136 
16 612 307 241 599 450 450 102 138 450 450 102 138 
17 610 313 240 580 450 450 101 140 450 450 101 140 
18 613 307 233 591 453 450 98 140 
19 613 306 231 595 453 450 98 140 
20 614 308 229 588 452 449 100 143 
21 617 311 224 588 450 450 103 142 
22 622 315 217 583 451 450 102 142 451 450 102 142 
23 617 321 224 574 450 450 102 141 450 450 102 141 
24 621 323 219 567 449 451 104 142 
25 621 320 220 570 450 452 104 140 
26 624 324 214 560 453 450 100 142 453 450 100 142 
27 627 323 207 546 456 450 97 141 
28 629 334 202 515 456 448 96 141 
29 653 339 186 499 455 449 99 141 
30 650 318 197 507 455 450 99 141 
31 663 346 175 484 453 450 101 139 453 450 101 139 
32 657 320 187 502 453 453 103 137 453 453 103 137 
33 661 320 179 503 456 453 101 138 456 453 101 138 
34 662 318 174 506 457 453 101 140 
35 668 338 162 499 458 455 102 137 
36 668 349 157 479 462 457 97 136 
37 651 348 162 477 462 457 96 137 
38 668 357 154 464 461 456 96 138 
39 653 364 157 446 461 456 96 137 
40 650 337 159 466 461 456 96 138 
41 649 336 159 464 460 455 97 140 
42 650 336 158 461 460 454 97 141 
43 644 335 165 461 460 456 97 140 
44 642 333 166 454 458 456 100 140 
45 635 329 175 453 458 457 100 138 
46 634 325 170 457 457 456 100 140 
47 632 332 168 440 456 456 100 140 
48 634 334 162 432 456 456 99 140 
49 632 332 162 434 457 456 97 138 
50 631 335 158 432 457 456 97 139 
51 630 336 157 431 458 458 96 136 
52 632 338 154 432 457 458 98 138 
53 632 346 159 420 454 454 99 144 
54 631 346 156 421 452 454 102 144 452 454 102 144 
55 632 347 155 414 452 456 102 140 452 456 102 140 
56 630 344 155 415 453 455 102 139 
57 631 342 155 418 453 454 102 140 
58 632 347 155 403 453 453 103 141 
59 631 346 157 401 451 452 104 141 
60 632 332 159 399 452 452 102 140 
61 632 329 158 404 455 453 99 139 
62 633 325 155 413 454 453 100 140 
63 637 328 150 408 456 453 99 140 
64 637 328 147 407 452 451 102 142 
65 639 326 146 411 452 451 102 141 
66 640 330 141 402 453 451 99 140 
67 640 332 143 397 453 450 99 142 
68 640 336 142 391 450 448 105 143 450 448 105 143 
69 638 339 142 386 445 450 112 140 
70 637 337 141 385 446 449 109 141 
71 635 334 140 387 450 447 102 142 450 447 102 142 
72 635 332 140 383 455 448 99 140 
73 629 332 143 380 454 448 101 138 
74 630 326 138 386 453 447 102 141 
75 631 321 138 388 448 448 109 141 448 448 109 141 
76 628 317 140 388 448 448 106 140 
77 630 314 139 392 451 446 102 142 
78 627 312 141 392 453 448 102 139 
79 625 311 140 394 456 448 100 137 
80 624 311 142 395 456 447 99 138 
81 623 317 142 383 456 448 103 138 
82 620 319 146 383 454 446 104 140 
83 620 324 147 376 453 446 104 141 
84 619 323 147 379 452 445 105 140 
85 627 320 143 380 455 445 102 138 
86 624 319 145 374 455 445 102 138 
87 627 321 143 371 456 446 101 137 
88 627 322 144 363 458 447 101 136 
89 629 325 143 337 461 446 99 134 
90 630 325 144 335 463 445 97 137 
91 630 324 144 338 465 446 94 137 
92 631 322 142 343 464 445 95 140 
93 633 320 140 347 461 447 101 139 
94 633 319 141 349 460 445 100 140 
95 632 322 141 342 462 445 97 142 
96 631 326 141 335 475 444 94 143 
97 647 325 113 332 476 443 93 143 
98 645 327 112 328 482 447 82 134 
99 642 327 115 330 482 445 81 138 
100 642 328 115 327 477 448 97 139 
101 643 328 111 328 477 446 97 142 
102 642 324 109 337 477 447 95 138 
103 641 323 111 337 479 447 95 139 
104 640 321 114 338 477 449 98 138 
105 638 324 116 332 479 450 98 137 
106 637 320 117 338 480 450 98 141 
107 638 320 117 336 479 449 97 139 
108 635 319 118 338 478 449 99 139 
109 631 321 119 337 480 451 97 138 
110 630 323 117 335 482 451 95 138 
111 630 322 115 338 481 452 94 138 
112 628 326 115 332 483 450 92 142 
113 627 329 112 326 486 450 91 142 
114 622 347 115 311 485 451 91 142 
115 622 347 115 312 484 451 91 142 
116 624 349 112 308 482 452 94 141 
117 621 348 117 311 482 453 95 140 
118 620 350 119 307 482 454 97 140 
119 625 335 113 312 482 457 98 137 
120 625 333 113 315 482 457 96 138 
121 626 331 111 318 481 457 96 136 
122 626 327 111 328 481 456 96 138 
123 625 325 109 332 482 458 95 137 
124 624 328 110 326 482 461 96 135 
125 622 330 109 320 482 460 93 136 
126 621 331 106 318 482 460 94 135 
127 619 332 106 319 483 460 92 136 
128 617 330 106 324 483 461 91 135 
129 617 335 105 314 484 460 89 137 
130 614 334 108 317 486 462 88 136 
131 611 335 113 313 486 461 87 136 
132 601 343 119 293 487 463 90 133 
133 600 338 118 303 491 458 82 141 
134 599 335 120 302 487 463 93 133 
135 598 332 119 305 487 463 93 132 
136 597 332 119 299 488 462 94 133 
137 596 324 119 313 489 462 95 134 
138 598 321 116 318 488 462 97 135 
139 598 321 115 313 488 463 95 133 
140 596 322 116 311 490 462 94 135 
141 596 322 115 313 486 462 97 134 
142 595 319 116 316 483 460 101 138 
143 596 323 114 309 487 460 90 97 
144 595 327 115 306 487 460 89 96 
145 596 330 114 304 487 460 89 96 
146 596 331 115 301 486 460 89 95 
147 596 330 115 298 
148 597 327 113 298 
149 596 326 115 297 487 459 101 138 
150 594 323 117 293 487 460 100 136 
151 594 318 116 295 486 459 104 137 
152 596 315 112 297 485 459 104 137 
153 597 316 111 294 490 458 100 136 
154 595 316 113 295 494 458 96 134 
155 596 318 110 292 495 459 94 132 
156 597 320 107 289 495 456 88 109 
157 596 319 108 289 497 460 90 130 
158 595 319 108 289 496 461 92 129 
159 596 320 104 288 497 460 90 130 
160 598 323 102 282 
161 599 325 99 278 
162 597 325 98 276 
163 595 327 99 272 
164 591 325 99 275 494 456 87 105 
165 588 324 101 276 494 455 89 106 
166 586 323 100 277 
167 582 319 106 282 
168 584 323 98 274 
169 581 325 100 269 494 459 92 127 
170 582 326 98 267 
171 580 327 98 265 491 460 90 126 
172 580 327 96 265 
173 582 328 93 263 496 459 91 128 
174 580 328 95 263 496 459 91 128 
175 579 329 95 262 
176 580 329 94 261 
177 580 328 96 263 
178 578 327 97 265 
179 579 330 94 259 
180 575 328 97 263 
181 576 325 99 253 
182 578 327 97 248 
183 575 327 101 249 
184 575 329 99 243 
185 574 328 101 244 
186 573 326 101 247 
187 572 328 101 243 
188 571 329 100 242 
189 570 329 101 241 
190 568 329 103 242 
191 566 331 104 240 
192 567 333 102 236 
193 567 334 99 234 
194 567 334 98 234 
195 565 334 99 233 
196 565 335 99 232 
197 565 334 96 232 
198 563 332 96 232 
199 560 332 100 229 
200 562 331 92 232 
201 558 331 95 232 
202 558 329 91 235 
203 554 328 92 239 
204 554 328 89 239 
205 553 328 88 238 
206 551 331 91 234 
207 551 332 93 232 
208 550 334 93 230 
209 549 336 94 227 
210 550 336 89 226 
211 551 336 89 225 
212 552 335 87 224 
213 554 337 84 213 510 456 93 136 
214 554 335 83 216 
215 552 331 86 222 
216 554 332 80 221 
217 555 333 77 217 
218 555 334 77 219 
219 541 328 86 231 
220 538 328 89 231 
221 537 332 88 227 
222 532 335 93 223 
223 532 337 92 215 
224 529 339 93 208 
225 528 337 92 213 511 460 98 131 
226 526 336 90 212 
227 526 336 89 208 515 457 96 131 
228 524 335 88 209 515 459 95 132 
229 522 335 85 204 519 456 87 101 
230 520 334 81 199 
231 517 333 87 204 
232 
233 527 484 75 101 
234 
235 
236 508 324 87 219 
237 
238 
239 
240 
241 
242 
243 504 315 61 148 511 459 99 132 
244 
245 514 456 99 134 
246 517 455 96 134 
247 520 454 82 108 
248 
249 
250 
251 
252 513 453 98 134 
253 513 454 99 132 
254 515 454 98 131 
255 514 451 97 135 
256 515 451 97 134 
257 515 453 94 133 
258 515 453 93 134 
259 514 452 94 134 
260 513 452 96 135 
261 512 452 97 137 
262 512 454 97 135 
263 513 454 94 136 
264 
265 
266 
267 
268 
269 
270 
271 
272 
273 
274 
275 
276 
277 
278 
279 
280 
281 
282 518 463 82 130 
