0 1057 411 107 303 
1 1056 411 109 306 
2 1056 412 110 305 
3 1057 414 108 305 
4 1057 413 108 311 
5 1055 415 111 308 
6 1056 417 109 306 
7 1056 419 109 305 
8 1054 416 101 308 
9 1050 418 108 304 
10 1048 418 110 307 
11 1049 412 108 316 
12 1044 412 116 314 
13 1045 408 113 321 
14 1044 405 114 322 
15 1043 403 114 328 
16 1043 402 114 333 
17 1042 405 113 329 
18 1042 406 113 328 
19 1043 407 111 327 
20 1045 409 108 327 
21 1044 412 111 323 
22 1046 416 109 318 
23 1049 416 105 318 
24 1049 415 105 318 
25 1049 414 108 320 
26 1047 413 113 322 
27 1047 414 113 319 
28 1046 411 115 326 
29 1046 415 137 322 
30 1045 416 138 321 
31 1046 416 137 321 
32 1046 416 136 322 
33 1049 418 134 334 
34 1047 420 137 332 
35 1046 424 139 327 
36 1046 426 138 325 
37 1045 425 141 330 
38 1032 422 138 332 
39 1030 424 140 328 
40 1029 425 140 327 
41 1026 423 144 330 
42 1025 420 144 335 
43 1022 418 143 339 
44 1020 416 144 344 
45 1020 416 144 343 
46 1020 416 143 344 
47 1018 414 144 352 
48 1020 418 141 348 
49 1019 421 143 345 
50 1018 423 145 348 
51 1017 427 146 349 
52 1018 426 145 354 
53 1016 423 149 361 
54 1016 421 150 367 
55 1018 422 149 363 
56 1018 421 150 363 
57 1019 420 149 363 
58 1020 420 150 364 
59 1020 419 147 372 
60 1019 418 147 376 
61 1017 422 146 373 
62 1017 420 145 380 
63 1010 421 152 384 
64 1008 421 152 386 
65 1003 424 153 386 
66 1001 427 155 381 
67 997 429 154 379 
68 998 431 151 375 
69 996 430 153 376 
70 994 431 152 375 
71 989 426 155 384 
72 988 426 150 384 
73 984 426 153 402 
74 983 421 156 394 
75 986 422 153 413 
76 981 419 157 421 
77 979 418 156 431 
78 981 425 155 427 
79 981 429 154 426 
80 980 434 152 419 
81 982 438 152 419 
82 983 436 151 423 
83 983 437 154 426 
84 982 442 156 417 
85 981 443 160 415 
86 979 443 161 416 
87 981 438 163 423 
88 984 434 166 425 
89 986 433 165 423 
90 986 433 165 426 
91 985 432 167 432 
92 983 432 169 438 
93 979 431 171 446 
94 976 431 174 452 
95 977 440 168 461 
96 973 439 174 466 
97 970 433 175 481 
98 965 434 180 477 
99 959 432 184 482 
100 956 430 185 485 
101 953 429 186 486 
102 951 435 186 474 
103 950 434 182 477 
104 951 431 179 481 
105 952 430 176 485 
106 926 414 198 515 
107 923 411 203 525 
108 921 399 206 560 
109 921 405 206 551 
110 924 410 201 547 
111 922 412 204 551 
112 922 411 203 561 
113 926 420 196 535 
114 940 420 200 534 
115 937 420 208 535 
116 940 423 204 528 
117 935 410 215 549 
118 932 408 220 561 
119 933 401 217 579 
120 931 407 224 567 
121 931 410 223 560 
122 928 412 229 563 
123 927 408 231 576 
124 920 401 215 624 
125 915 391 224 652 
126 910 386 233 671 
127 911 387 230 669 
128 910 386 230 673 
129 905 393 235 660 
130 900 398 238 654 
131 896 390 235 670 
132 893 395 235 657 
133 890 386 233 667 
134 886 385 235 671 
135 878 388 242 663 
136 874 385 245 667 
137 872 380 246 685 
138 867 377 252 691 
139 862 376 258 703 
140 858 390 262 680 
141 858 390 262 682 
142 861 394 257 681 
143 858 394 259 679 
144 860 398 259 672 
145 861 396 259 673 
146 862 389 260 682 
